518.00
521.33
524.67
528.00
531.33
534.67
538.00
541.33
544.67
548.00
548.00
548.23
548.47
548.70
548.94
549.17
549.41
549.64
549.88
550.11
550.35
550.58
550.82
551.05
551.28
551.52
551.75
551.99
552.22
552.46
552.69
552.93
553.16
553.40
553.63
553.87
554.10
554.34
554.57
554.80
555.04
555.27
555.51
555.74
555.98
556.21
556.45
556.68
556.92
557.15
557.39
557.62
557.85
558.09
558.32
558.56
558.79
559.03
559.26
559.50
559.73
559.97
560.20
560.44
560.67
560.91
561.14
561.37
561.61
561.84
562.08
562.31
562.55
562.78
563.02
563.25
563.49
563.72
563.96
564.19
564.42
564.66
564.89
565.13
565.36
565.60
565.83
566.07
566.30
566.54
566.77
567.01
567.24
567.47
567.71
567.94
568.18
568.41
568.65
568.88
569.12
569.35
569.59
569.82
570.06
570.29
570.53
570.76
570.99
571.23
571.46
571.70
571.93
572.17
572.40
572.64
572.87
573.11
573.34
573.58
573.81
574.04
574.28
574.51
574.75
574.98
575.22
575.45
575.69
575.92
576.16
576.39
576.63
576.86
577.09
577.33
577.56
577.80
578.03
578.27
578.50
578.74
578.97
579.21
579.44
579.68
579.91
580.15
580.38
580.61
580.85
581.08
581.32
581.55
581.79
582.02
582.26
582.49
582.73
582.96
583.20
583.43
583.66
583.90
584.13
584.37
584.60
584.84
585.07
585.31
585.54
585.78
586.01
586.25
586.48
586.72
586.95
587.18
587.42
587.65
587.89
588.12
588.36
588.59
588.83
589.06
589.30
589.53
589.77
590.00
590.00
593.11
596.22
599.33
602.44
605.56
608.67
611.78
614.89
618.00
